 0.08 0.37 0.07 -0.1 0.22 0.24 0.43 -0.02 -0.46 -0.2 0.22 -0.17 0.37 0.08 0.16 -0.19 -0.47 -0.02 -0.04 -0.434625 0.49 0.271397 0.331397 -0.40892 -0.554941 -0.31723 0.06 -0.35 -0.274625 -0.12 0.36 0.0996832 -0.304625 -0.124625 -0.0449414 0.48 -0.32 -0.173544 -0.202605 0.25 -0.0146246 0.21 -0.42 0.0464555 0.147395 0.25 -0.643544 0.187395 -0.0949414 0.22 0.48 0.24 -0.553228 -0.262605 0.19 0.315375 0.186772 -0.530317 -0.622605 -0.042605 -0.841525 0.335375 -0.48 -0.08 -0.16 0.33 0.42 -0.45 -0.42 0.41 0.3 -0.34 0.12 -0.1 -0.39 -0.07 0.17 0.39 0.3 -0.08 -0.36 -0.276149
 0.19 0.23 -0.31 -0.12 0.12 0.02 -0.34 0.16 -0.36 -0.18 0.06 0.19 -0.24 -0.07 -0.46 -0.32 -0.02 0.14 -0.41 0.308288 0.3 0.409544 -0.100456 0.160884 0.209627 -0.0151736 0.35 -0.03 0.328288 0.49 0.28 0.04134 0.228288 -0.00171249 -0.0403725 -0.16 -0.49 0.319172 -0.383461 0.18 -0.0717125 0.11 -0.13 0.419172 -0.863461 0.43 0.599172 -0.383461 0.109627 0.46 0.34 0.4 -0.102168 -0.863461 -0.17 0.368288 0.147832 -0.28866 -0.563461 -0.633461 0.0174231 0.148288 -0.2 -0.08 -0.36 0.22 -0.22 -0.35 -0.2 -0.17 -0.15 0.22 0.44 -0.26 -0.1 0 -0.33 0.29 -0.48 -0.23 -0.23 -0.284289
 -0.33 -0.04 -0.08 -0.48 -0.17 0.37 0.23 -0.31 0.16 -0.08 -0.15 0.46 -0.14 -0.01 0.19 -0.33 -0.33 0.01 0 -0.305576 0.26 0.462942 -0.207058 0.589331 0.520813 0.70883 -0.03 -0.5 -0.0955757 0.24 -0.12 0.326389 -0.135576 0.454424 1.03081 -0.44 -0.31 0.763755 0.344406 0.35 -0.225576 0.14 -0.16 0.0737554 -0.285594 0.05 0.243755 -0.115594 0.120813 -0.3 0.37 -0.16 -0.182633 -0.265594 -0.47 0.274424 -0.192633 0.406389 0.194406 0.494406 0.753737 -0.345576 0.37 0 -0.18 0.34 -0.42 0.02 0.04 -0.13 0.39 -0.32 -0.49 0.25 -0.31 -0.35 -0.2 0.39 0.48 0.39 -0.41 0.998161
 -0.27 0.27 0.04 -0.24 -0.11 -0.29 -0.21 0.03 -0.36 -0.44 0.03 0.03 -0.42 -0.12 -0.13 -0.34 0.4 -0.07 0.03 -0.0200876 0.11 0.190251 -0.279749 -0.0515596 -0.141899 -0.310551 0.24 0.22 0.449912 -0.14 -0.4 -0.511811 -0.200088 0.319912 0.438101 -0.45 0.36 -0.121647 -0.270463 0.02 0.339912 0.14 -0.45 0.538353 -0.830463 0.44 0.698353 -0.410463 0.00810136 0.46 -0.23 0.01 0.330164 -0.510463 -0.14 -0.0800876 0.0601638 -0.431811 -0.360463 -0.830463 0.247977 0.269912 0.06 -0.38 -0.25 -0.13 0.19 0.13 0.48 0.29 0.18 0.16 0.45 -0.25 -0.09 0.47 -0.3 0.35 0.43 -0.41 0.31 -0.352111
 -0.38 0.34 -0.43 -0.02 -0.41 -0.19 -0.39 0.09 0.36 -0.41 0.21 0.44 0.23 -0.02 0.33 0.44 -0.39 0.32 0.24 0.10393 -0.02 0.177609 0.0576085 -0.346524 -0.740203 -0.000688968 -0.24 -0.38 -0.30607 0.1 0.35 -0.234133 -0.24607 0.24393 0.0597975 -0.44 0.26 -0.322594 -0.414619 -0.36 0.0339303 0.38 0.11 0.027406 -0.224619 -0.06 -0.022594 0.405381 -0.670203 0.16 -0.19 -0.24 0.171539 0.295381 -0.3 -0.62607 -0.528461 -0.284133 0.125381 -0.0346193 -0.781144 -0.12607 -0.44 -0.47 -0.49 0.08 -0.41 -0.2 -0.3 -0.24 0.46 -0.06 0.16 0.07 0.44 -0.48 0.04 0.36 -0.49 0.3 -0.46 -0.707213
 0.09 -0.07 0.22 0.29 0 0.39 0.27 -0.29 -0.05 0.34 -0.21 -0.47 0.37 0.33 0.11 -0.02 0.15 -0.16 0.24 0.297692 -0.2 0.0369684 0.346968 -0.376146 0.374577 -0.199825 0.12 -0.03 0.257692 -0.32 0.3 -0.593115 0.307692 -0.272308 -0.0954226 0.14 0.44 -0.178454 -0.267517 -0.11 0.297692 0.16 0.44 -0.428454 -0.627517 0.06 0.0515458 0.0224833 -0.145423 0.24 -0.22 -0.26 0.484661 -0.127517 -0.49 0.287692 0.584661 -0.123115 -0.567517 0.212483 -0.413663 0.0776922 0.04 -0.02 -0.06 -0.49 -0.38 -0.12 0.28 -0.49 -0.21 -0.11 0.17 -0.27 0.41 -0.29 -0.19 0.41 0.37 -0.25 0.15 0.104029
 0 -0.19 -0.32 0.01 -0.07 0.44 0.16 0.01 0.3 0.02 -0.08 -0.16 -0.5 -0.12 0.37 0.14 0.26 0.16 0.15 0.0518453 0.07 0.256335 -0.263665 -0.316701 -0.671191 -0.244307 0.42 0.43 -0.0981547 0.08 0.11 -0.273036 -0.108155 -0.208155 0.218809 0.35 -0.24 -0.214856 0.493847 0.08 0.141845 -0.2 -0.06 -0.164856 0.303847 -0.19 0.00514386 0.583847 -0.241191 -0.5 -0.43 0.09 0.23818 0.533847 0.1 -0.0881547 -0.53182 -0.193036 0.503847 -0.366153 -0.592854 -0.498155 -0.04 0.02 -0.17 -0.09 0.39 0.09 0.05 0.27 0.19 -0.29 0.09 0.15 -0.11 0.3 0.47 0.24 -0.2 0.48 0.25 -0.341009
 0.07 -0.38 -0.21 -0.33 0.06 0.39 0.2 -0.05 0.42 -0.18 -0.03 -0.12 -0.14 0.3 -0.18 -0.25 0.42 -0.11 0.04 -0.48476 0.1 -0.451438 0.198562 0.20704 0.133718 -0.26263 -0.24 0.26 -0.35476 -0.49 -0.37 0.148478 0.0352403 0.32524 0.203718 -0.29 0.34 0.33228 -0.24787 0.26 -0.53476 0.15 0.16 0.0222803 0.55213 0.48 -0.19772 -0.00787 0.0437181 0.26 -0.43 -0.01 -0.286197 0.43213 -0.49 0.27524 -0.0461975 0.578478 0.22213 0.50213 0.0891701 -0.30476 0.31 0.47 0.27 -0.16 -0.31 0.11 0.12 0.39 0.39 0.2 0.05 0.06 0.16 -0.45 0.04 0.38 0.49 -0.06 -0.33 -0.28559
 0.43 0.09 -0.05 -0.04 -0.5 -0.39 -0.25 -0.32 0.06 -0.41 -0.01 0.39 -0.43 -0.24 0.26 0.28 -0.1 -0.12 0.17 -0.144487 0.1 0.322002 -0.047998 -0.317605 -0.284093 0.425907 0.17 -0.2 0.445513 0.34 0.39 0.150393 0.515513 0.425513 0.205907 0.46 -0.01 -0.462091 -0.419606 0.08 0.235513 -0.35 -0.03 0.227909 0.370394 -0.27 -0.472091 -0.229606 0.0159065 0.21 -0.35 -0.29 0.627515 -0.0396059 -0.5 -0.144487 0.607515 0.0103932 -0.439606 0.280394 -0.607211 0.0955134 -0.32 0.48 0.41 0.48 0.44 -0.1 0.05 0.1 0 -0.28 0.25 0.48 -0.02 -0.29 0.23 0.02 0.04 -0.15 0.26 -0.361697
 -0.42 0.24 -0.24 0.1 0.05 -0.28 0.29 0.17 0.09 0.32 0.22 0.27 0.31 0.13 -0.23 0.25 -0.46 0.32 0.38 0.0424849 0.07 0.245514 -0.344486 0.0724338 0.749405 0.428393 -0.4 0.41 0.152485 0.36 0.14 0.15692 -0.377515 0.402485 0.769405 0.17 0.15 0.674919 0.515908 -0.26 -0.497515 -0.39 0.03 0.834919 0.395908 0.3 0.104919 -0.0440923 0.529405 0.46 -0.13 0.21 -0.262001 0.0659077 0.27 -0.0175151 0.337999 0.77692 0.0359077 0.0159077 0.418341 0.0624849 -0.36 0.39 -0.04 0.02 -0.42 -0.39 0.2 0.45 0.37 0.2 -0.43 -0.1 0.01 -0.16 -0.3 -0.39 0.15 -0.15 -0.42 0.190826
 -0.349513 0.220327 0.458914 0.23393 -0.209767 0.364893 -0.191977 -0.215428 0.390867 0.436264 0.18
