 1.214517 5.000000 5.000000 5.000000 1.214517 0.400000 5.000000 5.000000 5.000000 -0.050000
 1.214517 5.000000 5.000000 5.000000 1.214517 0.080000 5.000000 5.000000 5.000000 -0.310000
 1.214517 5.000000 5.000000 5.000000 1.214517 -0.270000 0.002357 5.000000 5.000000 5.000000
 5.000000 5.000000 -0.190000 5.000000 5.000000 5.000000 -0.320000 5.000000 5.000000 5.000000
 5.000000 5.000000 -0.340000 5.000000 5.000000 5.000000 0.100000 5.000000 5.000000 5.000000
 5.000000 5.000000 0.380000 0.006223 -0.559513 5.000000 5.000000 5.000000 -0.559513 -0.020000
 5.000000 5.000000 5.000000 0.110000 -0.559513 5.000000 5.000000 5.000000 -0.559513 0.070000
 5.000000 5.000000 5.000000 0.430000 -0.559513 5.000000 5.000000 5.000000 -0.559513 -0.050000
 0.001832 -5.000000 5.000000 4.997559 5.000000 -5.000000 -0.200000 4.997559 -5.000000 4.997559
 0.470000 -5.000000 5.000000 4.997559 5.000000 -5.000000 -0.290000 4.997559 -5.000000 4.997559
 0.330000 -5.000000 5.000000 4.997559 5.000000 -5.000000 0.460000 -0.004883 -5.000000 5.000000
 4.999497 5.000000 -5.000000 0.160000 4.999497 -0.578161 4.999497 0.470000 -5.000000 5.000000
 4.999497 5.000000 -5.000000 -0.490000 4.999497 -0.578161 4.999497 -0.500000 -5.000000 5.000000
 4.999497 5.000000 -5.000000 -0.280000 -0.001007 5.000000 5.000000 5.000000 5.000000 5.000000
 0.290000 5.000000 5.000000 5.000000 0.430000 5.000000 5.000000 5.000000 5.000000 5.000000
 0.020000 5.000000 5.000000 5.000000 0.090000 5.000000 5.000000 5.000000 5.000000 5.000000
 -0.060000 0.013469 2.042708 5.000000 5.000000 5.000000 2.042708 -0.440000 5.000000 5.000000
 5.000000 0.260000 2.042708 5.000000 5.000000 5.000000 2.042708 -0.360000 5.000000 5.000000
 5.000000 -0.440000 2.042708 5.000000 5.000000 5.000000 2.042708 0.420000 0.002831 5.000000
 5.000000 5.000000 5.000000 5.000000 -0.410000 5.000000 5.000000 5.000000 0.390000 5.000000
 5.000000 5.000000 5.000000 5.000000 -0.310000 5.000000 5.000000 5.000000 -0.320000 5.000000
 5.000000 5.000000 5.000000 5.000000 -0.370000 0.006409 0.951167 5.000000 5.000000 5.000000
 0.951167 -0.490000 5.000000 5.000000 5.000000 -0.310000 0.951167 5.000000 5.000000 5.000000
 0.951167 -0.270000 5.000000 5.000000 5.000000 -0.360000 0.951167 5.000000 5.000000 5.000000
 0.951167 -0.060000 0.002204 5.000000 5.000000 5.000000 5.000000 5.000000 0.390000 5.000000
 5.000000 5.000000 -0.040000 5.000000 5.000000 5.000000 5.000000 5.000000 -0.390000 5.000000
 5.000000 5.000000 0.170000 5.000000 5.000000 5.000000 5.000000 5.000000 0.250000 0.006409
 LOLI!!!
 -5.000000 -5.000000 -5.000000 -5.000000
 -5.000000 -5.000000 -5.000000 -5.000000
 -5.000000 -5.000000 -0.460000 -0.084263
 4.999516 4.999516 4.999516 4.999516
 4.999516 4.999516 4.999516 4.999516
 4.999516 4.999516 0.060000 -0.000518
 1.853113 0.604111 2.022492 4.191745
 2.939668 -1.736656 1.699969 0.543982
 1.902346 0.543983 0.290000 -0.031490
 -4.966131 -4.966131 -4.966131 -4.966131
 -4.966131 -4.966131 -4.966131 -4.966131
 -4.966131 -4.966131 -0.050000 0.067739
 LOLI!!!
